1.550000000000000000e+02 1.830000000000000000e+02
1.152000000000000000e+03 1.377000000000000000e+03
2.590000000000000000e+02 3.140000000000000000e+02
7.480000000000000000e+02 9.350000000000000000e+02
8.900000000000000000e+01 2.910000000000000000e+02
2.990000000000000000e+02 3.250000000000000000e+02
6.300000000000000000e+01 2.910000000000000000e+02
1.117000000000000000e+03 1.334000000000000000e+03
4.430000000000000000e+02 1.266000000000000000e+03
2.470000000000000000e+02 2.910000000000000000e+02
7.790000000000000000e+02 1.328000000000000000e+03
1.780000000000000000e+02 2.260000000000000000e+02
5.020000000000000000e+02 6.090000000000000000e+02
1.900000000000000000e+02 2.620000000000000000e+02
6.300000000000000000e+02 7.120000000000000000e+02
5.000000000000000000e+01 5.740000000000000000e+02
3.020000000000000000e+02 4.430000000000000000e+02
7.080000000000000000e+02 1.243000000000000000e+03
2.170000000000000000e+02 4.990000000000000000e+02
6.270000000000000000e+02 1.100000000000000000e+03
1.780000000000000000e+02 1.082000000000000000e+03
4.430000000000000000e+02 1.173000000000000000e+03
2.520000000000000000e+02 3.100000000000000000e+02
2.000000000000000000e+01 1.100000000000000000e+03
1.830000000000000000e+02 3.310000000000000000e+02
1.100000000000000000e+03 1.412000000000000000e+03
1.300000000000000000e+01 7.990000000000000000e+02
6.260000000000000000e+02 6.340000000000000000e+02
1.780000000000000000e+02 2.970000000000000000e+02
4.940000000000000000e+02 7.450000000000000000e+02
1.086000000000000000e+03 1.284000000000000000e+03
7.590000000000000000e+02 8.790000000000000000e+02
2.450000000000000000e+02 3.290000000000000000e+02
7.280000000000000000e+02 1.328000000000000000e+03
1.910000000000000000e+02 4.430000000000000000e+02
1.120000000000000000e+03 1.265000000000000000e+03
8.620000000000000000e+02 8.860000000000000000e+02
2.170000000000000000e+02 1.080000000000000000e+03
7.200000000000000000e+01 1.230000000000000000e+02
4.540000000000000000e+02 4.570000000000000000e+02
1.780000000000000000e+02 1.138000000000000000e+03
2.450000000000000000e+02 1.233000000000000000e+03
1.060000000000000000e+03 1.063000000000000000e+03
1.830000000000000000e+02 2.880000000000000000e+02
8.090000000000000000e+02 9.000000000000000000e+02
1.088000000000000000e+03 1.166000000000000000e+03
1.284000000000000000e+03 1.338000000000000000e+03
3.100000000000000000e+02 1.121000000000000000e+03
1.090000000000000000e+03 1.462000000000000000e+03
2.230000000000000000e+02 2.270000000000000000e+02
1.500000000000000000e+01 1.329000000000000000e+03
2.950000000000000000e+02 1.067000000000000000e+03
5.700000000000000000e+01 9.880000000000000000e+02
4.920000000000000000e+02 5.020000000000000000e+02
1.090000000000000000e+03 1.382000000000000000e+03
9.620000000000000000e+02 1.334000000000000000e+03
1.079000000000000000e+03 1.090000000000000000e+03
2.290000000000000000e+02 3.260000000000000000e+02
1.080000000000000000e+03 1.425000000000000000e+03
1.402000000000000000e+03 1.447000000000000000e+03
1.100000000000000000e+01 4.100000000000000000e+01
4.920000000000000000e+02 4.940000000000000000e+02
8.600000000000000000e+01 2.690000000000000000e+02
1.065000000000000000e+03 1.113000000000000000e+03
4.940000000000000000e+02 6.130000000000000000e+02
2.490000000000000000e+02 1.064000000000000000e+03
5.890000000000000000e+02 1.090000000000000000e+03
1.083000000000000000e+03 1.424000000000000000e+03
2.100000000000000000e+02 1.080000000000000000e+03
1.900000000000000000e+02 2.470000000000000000e+02
1.840000000000000000e+02 2.330000000000000000e+02
1.090000000000000000e+03 1.394000000000000000e+03
1.700000000000000000e+01 2.000000000000000000e+01
2.920000000000000000e+02 1.090000000000000000e+03
7.790000000000000000e+02 1.384000000000000000e+03
1.100000000000000000e+03 1.256000000000000000e+03
9.360000000000000000e+02 1.368000000000000000e+03
4.430000000000000000e+02 1.165000000000000000e+03
7.320000000000000000e+02 8.790000000000000000e+02
6.200000000000000000e+01 1.007000000000000000e+03
2.230000000000000000e+02 1.411000000000000000e+03
1.830000000000000000e+02 2.250000000000000000e+02
6.900000000000000000e+01 7.000000000000000000e+01
1.081000000000000000e+03 1.325000000000000000e+03
5.720000000000000000e+02 6.130000000000000000e+02
7.400000000000000000e+01 2.640000000000000000e+02
1.100000000000000000e+03 1.131000000000000000e+03
3.240000000000000000e+02 1.011000000000000000e+03
6.910000000000000000e+02 7.690000000000000000e+02
2.950000000000000000e+02 3.040000000000000000e+02
2.430000000000000000e+02 2.810000000000000000e+02
2.220000000000000000e+02 2.340000000000000000e+02
1.363000000000000000e+03 1.393000000000000000e+03
4.820000000000000000e+02 1.141000000000000000e+03
7.670000000000000000e+02 8.960000000000000000e+02
1.400000000000000000e+01 2.670000000000000000e+02
1.085000000000000000e+03 1.457000000000000000e+03
1.160000000000000000e+02 9.360000000000000000e+02
3.300000000000000000e+02 3.330000000000000000e+02
6.770000000000000000e+02 1.485000000000000000e+03
1.089000000000000000e+03 1.166000000000000000e+03
5.700000000000000000e+01 1.389000000000000000e+03
8.400000000000000000e+01 3.300000000000000000e+02
1.830000000000000000e+02 2.580000000000000000e+02
4.590000000000000000e+02 5.040000000000000000e+02
8.000000000000000000e+01 8.800000000000000000e+01
8.700000000000000000e+01 1.121000000000000000e+03
3.980000000000000000e+02 4.930000000000000000e+02
1.362000000000000000e+03 1.400000000000000000e+03
1.570000000000000000e+02 1.590000000000000000e+02
1.086000000000000000e+03 1.218000000000000000e+03
1.089000000000000000e+03 1.404000000000000000e+03
1.830000000000000000e+02 3.450000000000000000e+02
4.430000000000000000e+02 1.080000000000000000e+03
5.120000000000000000e+02 1.166000000000000000e+03
1.500000000000000000e+01 3.100000000000000000e+01
1.800000000000000000e+01 1.230000000000000000e+02
5.720000000000000000e+02 7.130000000000000000e+02
4.590000000000000000e+02 5.070000000000000000e+02
4.940000000000000000e+02 1.217000000000000000e+03
1.202000000000000000e+03 1.254000000000000000e+03
2.530000000000000000e+02 3.140000000000000000e+02
1.117000000000000000e+03 1.351000000000000000e+03
2.040000000000000000e+02 2.740000000000000000e+02
1.100000000000000000e+01 1.180000000000000000e+02
1.146000000000000000e+03 1.169000000000000000e+03
9.340000000000000000e+02 9.360000000000000000e+02
1.780000000000000000e+02 1.080000000000000000e+03
1.059000000000000000e+03 1.128000000000000000e+03
2.480000000000000000e+02 3.250000000000000000e+02
1.086000000000000000e+03 1.087000000000000000e+03
4.820000000000000000e+02 1.379000000000000000e+03
3.020000000000000000e+02 1.099000000000000000e+03
6.770000000000000000e+02 1.082000000000000000e+03
2.950000000000000000e+02 4.430000000000000000e+02
1.950000000000000000e+02 1.284000000000000000e+03
8.070000000000000000e+02 8.210000000000000000e+02
6.810000000000000000e+02 1.362000000000000000e+03
7.450000000000000000e+02 8.840000000000000000e+02
2.450000000000000000e+02 1.178000000000000000e+03
1.065000000000000000e+03 1.085000000000000000e+03
2.950000000000000000e+02 1.065000000000000000e+03
3.000000000000000000e+00 1.284000000000000000e+03
2.160000000000000000e+02 2.630000000000000000e+02
1.113000000000000000e+03 1.117000000000000000e+03
2.680000000000000000e+02 6.770000000000000000e+02
2.600000000000000000e+02 2.740000000000000000e+02
1.140000000000000000e+03 1.170000000000000000e+03
1.890000000000000000e+02 1.397000000000000000e+03
1.950000000000000000e+02 1.071000000000000000e+03
7.800000000000000000e+02 7.810000000000000000e+02
7.660000000000000000e+02 8.200000000000000000e+02
1.164000000000000000e+03 1.362000000000000000e+03
9.360000000000000000e+02 9.890000000000000000e+02
1.087000000000000000e+03 1.110000000000000000e+03
2.170000000000000000e+02 2.740000000000000000e+02
2.670000000000000000e+02 9.360000000000000000e+02
7.700000000000000000e+01 1.087000000000000000e+03
7.460000000000000000e+02 7.710000000000000000e+02
9.700000000000000000e+02 9.750000000000000000e+02
4.430000000000000000e+02 1.193000000000000000e+03
2.400000000000000000e+01 5.700000000000000000e+01
2.970000000000000000e+02 2.980000000000000000e+02
1.087000000000000000e+03 1.107000000000000000e+03
3.350000000000000000e+02 1.259000000000000000e+03
8.400000000000000000e+01 2.940000000000000000e+02
5.000000000000000000e+01 1.328000000000000000e+03
6.780000000000000000e+02 1.202000000000000000e+03
7.840000000000000000e+02 1.086000000000000000e+03
4.430000000000000000e+02 1.054000000000000000e+03
2.110000000000000000e+02 2.950000000000000000e+02
1.500000000000000000e+01 2.760000000000000000e+02
1.002000000000000000e+03 1.040000000000000000e+03
4.820000000000000000e+02 1.089000000000000000e+03
1.110000000000000000e+03 1.245000000000000000e+03
1.151000000000000000e+03 1.245000000000000000e+03
1.180000000000000000e+02 1.399000000000000000e+03
1.281000000000000000e+03 1.297000000000000000e+03
2.130000000000000000e+02 3.130000000000000000e+02
2.000000000000000000e+01 1.260000000000000000e+03
6.200000000000000000e+01 2.810000000000000000e+02
1.052000000000000000e+03 1.054000000000000000e+03
1.970000000000000000e+02 2.250000000000000000e+02
5.740000000000000000e+02 1.117000000000000000e+03
7.000000000000000000e+02 1.326000000000000000e+03
2.540000000000000000e+02 3.050000000000000000e+02
2.160000000000000000e+02 2.840000000000000000e+02
2.160000000000000000e+02 2.170000000000000000e+02
2.230000000000000000e+02 2.280000000000000000e+02
4.700000000000000000e+01 6.000000000000000000e+01
9.780000000000000000e+02 1.387000000000000000e+03
8.400000000000000000e+01 2.490000000000000000e+02
6.330000000000000000e+02 7.280000000000000000e+02
1.400000000000000000e+01 2.750000000000000000e+02
4.430000000000000000e+02 1.134000000000000000e+03
6.400000000000000000e+02 1.074000000000000000e+03
6.200000000000000000e+01 3.320000000000000000e+02
1.830000000000000000e+02 2.680000000000000000e+02
4.990000000000000000e+02 7.790000000000000000e+02
1.221000000000000000e+03 1.284000000000000000e+03
9.700000000000000000e+02 9.790000000000000000e+02
2.000000000000000000e+01 1.119000000000000000e+03
1.200000000000000000e+01 5.130000000000000000e+02
2.480000000000000000e+02 2.950000000000000000e+02
2.690000000000000000e+02 1.099000000000000000e+03
1.081000000000000000e+03 1.250000000000000000e+03
2.130000000000000000e+02 1.110000000000000000e+03
1.910000000000000000e+02 1.353000000000000000e+03
1.236000000000000000e+03 1.466000000000000000e+03
2.150000000000000000e+02 3.130000000000000000e+02
8.700000000000000000e+01 2.040000000000000000e+02
1.080000000000000000e+03 1.416000000000000000e+03
4.820000000000000000e+02 7.110000000000000000e+02
3.000000000000000000e+00 7.000000000000000000e+00
2.680000000000000000e+02 2.990000000000000000e+02
2.070000000000000000e+02 9.340000000000000000e+02
1.136000000000000000e+03 1.234000000000000000e+03
2.960000000000000000e+02 5.110000000000000000e+02
5.800000000000000000e+01 4.180000000000000000e+02
