0.9879
0.9303
0.9916
0.2557
0.7742
0.9917
0.8460
0.9690
0.9847
0.8113
0.8980
0.9780
0.8605
0.8795
0.7550
0.9467
0.9992
0.9012
0.4317
0.8779
0.9356
0.9549
0.9794
0.9770
0.9787
0.9260
0.9058
0.8381
0.9984
0.9999
0.9755
0.9712
0.7003
0.9175
0.9997
0.9482
0.5477
0.9849
0.9974
0.7438
0.9862
0.9826
0.7711
0.9941
0.9679
0.9673
0.9755
0.9831
0.8855
0.9448
0.9555
0.9902
0.9239
0.9035
0.9050
0.8781
1.0000
0.9842
0.9617
0.6607
0.9081
0.6824
0.9914
0.9937
0.7210
0.9863
0.9755
0.9573
0.9914
0.9069
0.8604
0.6786
0.8477
0.6750
0.6536
0.9547
0.9682
0.9500
0.8951
0.6693
0.9425
0.7524
0.9184
0.9627
0.9957
0.9848
0.9467
0.9013
0.9322
0.9879
0.8085
0.8021
0.6700
0.9289
0.9584
0.9902
0.9121
0.8790
0.9600
0.9556
0.9583
0.8557
0.9772
0.9988
0.5749
0.9738
0.9807
0.5372
0.9447
0.8092
0.8854
0.9439
0.9539
1.0000
0.9383
0.9145
0.9886
0.8463
0.5755
0.9075
0.9357
0.9758
0.9640
0.9728
0.3881
0.8594
0.9977
0.9988
0.9016
0.9461
0.9768
0.9929
0.9950
0.9296
0.9998
0.9707
0.9181
0.9778
0.9999
0.7381
0.9680
0.9930
0.9563
0.9681
0.9942
0.8612
0.9023
0.8153
0.9834
0.9862
0.7917
0.9765
0.9510
0.8600
0.9861
0.8879
0.7033
0.9951
0.9108
0.9429
0.9883
0.9409
0.9955
0.9645
0.9458
0.9814
0.8967
0.8595
0.7291
0.9705
0.9588
0.8799
0.9067
0.9963
0.9737
0.9687
0.8210
0.5328
0.9838
0.9449
0.9515
0.7954
0.7189
0.9764
0.8559
0.9263
0.9889
0.9812
0.9358
0.4359
0.9567
0.9930
0.9779
0.9244
0.9654
0.9853
0.9020
0.9988
0.5970
0.9771
0.9561
0.9856
0.4914
0.9667
0.9967
0.8089
0.9838
0.9343
0.8581
0.9626
0.9917
0.9295
0.4243
0.8081
0.9916
0.8624
0.7082
0.9877
0.5724
0.5122
0.5664
0.4941
0.2786
0.9851
0.5303
0.4892
0.2633
0.5361
0.4274
0.6114
0.8762
0.6369
0.7275
0.6781
0.3669
0.5636
0.5432
0.5628
0.3086
0.5027
0.1369
0.4757
0.3659
0.4802
0.4360
0.4767
0.3755
0.6985
0.7350
0.3676
0.5506
0.3999
0.4364
0.5238
0.4347
0.4291
0.1310
0.9732
0.3438
0.4896
0.4738
0.8562
0.4402
0.2338
0.5187
0.4539
0.3548
0.4028
0.4838
0.5996
0.3272
0.4265
0.6042
0.2808
0.4932
0.6118
0.4429
0.1205
0.4308
0.4083
0.5084
0.4571
0.6625
0.9167
0.5816
0.4445
0.2006
0.4854
0.6885
0.4070
0.1705
0.5149
0.3397
0.8363
0.3979
0.1794
0.3947
0.6274
0.2585
0.6057
0.5784
0.3690
0.4880
0.4534
0.2987
0.3775
0.3032
0.1596
0.1463
0.1690
0.7427
0.4597
0.4836
0.3239
0.3300
0.4772
0.6240
0.1961
0.4521
0.4941
0.3022
0.4896
0.3422
0.4780
0.4548
0.4259
0.6722
0.5628
0.6215
0.2034
0.7577
0.7550
0.6017
0.5003
0.7587
0.2892
0.2949
0.5801
0.2656
0.4277
0.3213
0.4563
0.6400
0.5490
0.4326
0.3863
0.6359
0.2513
0.4660
0.4767
0.4186
0.4192
0.3133
0.5098
0.4833
0.4821
0.4199
0.6003
0.6219
0.4558
0.4595
0.6229
0.3738
0.6269
0.5096
0.4227
0.5480
0.6016
0.7231
0.3060
0.4301
0.5337
0.3111
0.4664
0.4656
0.2872
0.4026
0.4862
0.3096
0.4148
0.3034
0.8316
0.5044
0.4832
0.8592
0.4260
0.4673
0.3530
0.4004
0.5080
0.4058
0.7349
0.6302
0.5463
0.3442
0.1766
0.3872
0.8288
0.6496
0.6725
0.4894
0.3783
0.3291
0.4640
0.2805
0.4001
0.3612
0.4940
0.0474
0.3437
0.6252
0.9523
0.3170
0.7457
0.4822
0.4974
0.4595
0.3683
0.3845
0.4239
0.3489
0.6763
0.5705
0.7518
0.2639
0.3654
0.1810
0.4445
0.6858
0.2789
0.4903
0.6356
0.4238
0.4462
0.8400
0.2916
0.4371
0.4882
